0 0 -3464.10 -7000.00 0.00
1 1 -1732.05 -7000.00 0.00
2 2 0.00 -7000.00 0.00
3 3 1732.05 -7000.00 0.00
4 4 3464.10 -7000.00 0.00
5 5 -4330.13 -6500.00 0.00
6 6 -2598.08 -6500.00 0.00
7 7 -866.03 -6500.00 0.00
8 8 866.03 -6500.00 0.00
9 9 2598.08 -6500.00 0.00
10 10 4330.13 -6500.00 0.00
11 11 -4330.13 -5500.00 0.00
12 12 -2598.08 -5500.00 0.00
13 13 -866.03 -5500.00 0.00
14 14 866.03 -5500.00 0.00
15 15 2598.08 -5500.00 0.00
16 16 4330.13 -5500.00 0.00
17 17 -5196.15 -5000.00 0.00
18 18 -3464.10 -5000.00 0.00
19 19 -1732.05 -5000.00 0.00
20 20 0.00 -5000.00 0.00
21 21 1732.05 -5000.00 0.00
22 22 3464.10 -5000.00 0.00
23 23 5196.15 -5000.00 0.00
24 24 -5196.15 -4000.00 0.00
25 25 -3464.10 -4000.00 0.00
26 26 -1732.05 -4000.00 0.00
27 27 0.00 -4000.00 0.00
28 28 1732.05 -4000.00 0.00
29 29 3464.10 -4000.00 0.00
30 30 5196.15 -4000.00 0.00
31 31 -6062.18 -3500.00 0.00
32 32 -4330.13 -3500.00 0.00
33 33 -2598.08 -3500.00 0.00
34 34 -866.03 -3500.00 0.00
35 35 866.03 -3500.00 0.00
36 36 2598.08 -3500.00 0.00
37 37 4330.13 -3500.00 0.00
38 38 6062.18 -3500.00 0.00
39 39 -6062.18 -2500.00 0.00
40 40 -4330.13 -2500.00 0.00
41 41 -2598.08 -2500.00 0.00
42 42 -866.03 -2500.00 0.00
43 43 866.03 -2500.00 0.00
44 44 2598.08 -2500.00 0.00
45 45 4330.13 -2500.00 0.00
46 46 6062.18 -2500.00 0.00
47 47 -6928.20 -2000.00 0.00
48 48 -5196.15 -2000.00 0.00
49 49 -3464.10 -2000.00 0.00
50 50 -1732.05 -2000.00 0.00
51 51 0.00 -2000.00 0.00
52 52 1732.05 -2000.00 0.00
53 53 3464.10 -2000.00 0.00
54 54 5196.15 -2000.00 0.00
55 55 6928.20 -2000.00 0.00
56 56 -649.52 -1375.00 0.00
57 57 -216.51 -1375.00 0.00
58 58 216.51 -1375.00 0.00
59 59 649.52 -1375.00 0.00
60 60 -866.03 -1250.00 0.00
61 61 -433.01 -1250.00 0.00
62 62 0.00 -1250.00 0.00
63 63 433.01 -1250.00 0.00
64 64 866.03 -1250.00 0.00
65 65 -649.52 -1125.00 0.00
66 66 -216.51 -1125.00 0.00
67 67 216.51 -1125.00 0.00
68 68 649.52 -1125.00 0.00
69 69 -6928.20 -1000.00 0.00
70 70 -5196.15 -1000.00 0.00
71 71 -3464.10 -1000.00 0.00
72 72 -1732.05 -1000.00 0.00
73 73 -866.03 -1000.00 0.00
74 74 -433.01 -1000.00 0.00
75 75 0.00 -1000.00 0.00
76 76 433.01 -1000.00 0.00
77 77 866.03 -1000.00 0.00
78 78 1732.05 -1000.00 0.00
79 79 3464.10 -1000.00 0.00
80 80 5196.15 -1000.00 0.00
81 81 6928.20 -1000.00 0.00
82 82 -1082.53 -875.00 0.00
83 83 -649.52 -875.00 0.00
84 84 -216.51 -875.00 0.00
85 85 216.51 -875.00 0.00
86 86 649.52 -875.00 0.00
87 87 1082.53 -875.00 0.00
88 88 -866.03 -750.00 0.00
89 89 -433.01 -750.00 0.00
90 90 0.00 -750.00 0.00
91 91 433.01 -750.00 0.00
92 92 866.03 -750.00 0.00
93 93 -1082.53 -625.00 0.00
94 94 -649.52 -625.00 0.00
95 95 -216.51 -625.00 0.00
96 96 216.51 -625.00 0.00
97 97 649.52 -625.00 0.00
98 98 1082.53 -625.00 0.00
99 99 -7794.23 -500.00 0.00
100 100 -6062.18 -500.00 0.00
101 101 -4330.13 -500.00 0.00
102 102 -2598.08 -500.00 0.00
103 103 -1299.04 -500.00 0.00
104 104 -866.03 -500.00 0.00
105 105 -433.01 -500.00 0.00
106 106 0.00 -500.00 0.00
107 107 433.01 -500.00 0.00
108 108 866.03 -500.00 0.00
109 109 1299.04 -500.00 0.00
110 110 2598.08 -500.00 0.00
111 111 4330.13 -500.00 0.00
112 112 6062.18 -500.00 0.00
113 113 7794.23 -500.00 0.00
114 114 -1082.53 -375.00 0.00
115 115 -649.52 -375.00 0.00
116 116 -216.51 -375.00 0.00
117 117 216.51 -375.00 0.00
118 118 649.52 -375.00 0.00
119 119 1082.53 -375.00 0.00
120 120 -1299.04 -250.00 0.00
121 121 -866.03 -250.00 0.00
122 122 -433.01 -250.00 0.00
123 123 0.00 -250.00 0.00
124 124 433.01 -250.00 0.00
125 125 866.03 -250.00 0.00
126 126 1299.04 -250.00 0.00
127 127 -1515.54 -125.00 0.00
128 128 -1082.53 -125.00 0.00
129 129 -649.52 -125.00 0.00
130 130 -216.51 -125.00 0.00
131 131 216.51 -125.00 0.00
132 132 649.52 -125.00 0.00
133 133 1082.53 -125.00 0.00
134 134 1515.54 -125.00 0.00
135 135 -1299.04 0.00 0.00
136 136 -866.03 0.00 0.00
137 137 -433.01 0.00 0.00
138 138 0.00 0.00 0.00
139 139 433.01 0.00 0.00
140 140 866.03 0.00 0.00
141 141 1299.04 0.00 0.00
142 142 -1515.54 125.00 0.00
143 143 -1082.53 125.00 0.00
144 144 -649.52 125.00 0.00
145 145 -216.51 125.00 0.00
146 146 216.51 125.00 0.00
147 147 649.52 125.00 0.00
148 148 1082.53 125.00 0.00
149 149 1515.54 125.00 0.00
150 150 -1299.04 250.00 0.00
151 151 -866.03 250.00 0.00
152 152 -433.01 250.00 0.00
153 153 0.00 250.00 0.00
154 154 433.01 250.00 0.00
155 155 866.03 250.00 0.00
156 156 1299.04 250.00 0.00
157 157 -1082.53 375.00 0.00
158 158 -649.52 375.00 0.00
159 159 -216.51 375.00 0.00
160 160 216.51 375.00 0.00
161 161 649.52 375.00 0.00
162 162 1082.53 375.00 0.00
163 163 -7794.23 500.00 0.00
164 164 -6062.18 500.00 0.00
165 165 -4330.13 500.00 0.00
166 166 -2598.08 500.00 0.00
167 167 -1299.04 500.00 0.00
168 168 -866.03 500.00 0.00
169 169 -433.01 500.00 0.00
170 170 0.00 500.00 0.00
171 171 433.01 500.00 0.00
172 172 866.03 500.00 0.00
173 173 1299.04 500.00 0.00
174 174 2598.08 500.00 0.00
175 175 4330.13 500.00 0.00
176 176 6062.18 500.00 0.00
177 177 7794.23 500.00 0.00
178 178 -1082.53 625.00 0.00
179 179 -649.52 625.00 0.00
180 180 -216.51 625.00 0.00
181 181 216.51 625.00 0.00
182 182 649.52 625.00 0.00
183 183 1082.53 625.00 0.00
184 184 -866.03 750.00 0.00
185 185 -433.01 750.00 0.00
186 186 0.00 750.00 0.00
187 187 433.01 750.00 0.00
188 188 866.03 750.00 0.00
189 189 -1082.53 875.00 0.00
190 190 -649.52 875.00 0.00
191 191 -216.51 875.00 0.00
192 192 216.51 875.00 0.00
193 193 649.52 875.00 0.00
194 194 1082.53 875.00 0.00
195 195 -6928.20 1000.00 0.00
196 196 -5196.15 1000.00 0.00
197 197 -3464.10 1000.00 0.00
198 198 -1732.05 1000.00 0.00
199 199 -866.03 1000.00 0.00
200 200 -433.01 1000.00 0.00
201 201 0.00 1000.00 0.00
202 202 433.01 1000.00 0.00
203 203 866.03 1000.00 0.00
204 204 1732.05 1000.00 0.00
205 205 3464.10 1000.00 0.00
206 206 5196.15 1000.00 0.00
207 207 6928.20 1000.00 0.00
208 208 -649.52 1125.00 0.00
209 209 -216.51 1125.00 0.00
210 210 216.51 1125.00 0.00
211 211 649.52 1125.00 0.00
212 212 -866.03 1250.00 0.00
213 213 -433.01 1250.00 0.00
214 214 0.00 1250.00 0.00
215 215 433.01 1250.00 0.00
216 216 866.03 1250.00 0.00
217 217 -649.52 1375.00 0.00
218 218 -216.51 1375.00 0.00
219 219 216.51 1375.00 0.00
220 220 649.52 1375.00 0.00
221 221 -6928.20 2000.00 0.00
222 222 -5196.15 2000.00 0.00
223 223 -3464.10 2000.00 0.00
224 224 -1732.05 2000.00 0.00
225 225 0.00 2000.00 0.00
226 226 1732.05 2000.00 0.00
227 227 3464.10 2000.00 0.00
228 228 5196.15 2000.00 0.00
229 229 6928.20 2000.00 0.00
230 230 -6062.18 2500.00 0.00
231 231 -4330.13 2500.00 0.00
232 232 -2598.08 2500.00 0.00
233 233 -866.03 2500.00 0.00
234 234 866.03 2500.00 0.00
235 235 2598.08 2500.00 0.00
236 236 4330.13 2500.00 0.00
237 237 6062.18 2500.00 0.00
238 238 -6062.18 3500.00 0.00
239 239 -4330.13 3500.00 0.00
240 240 -2598.08 3500.00 0.00
241 241 -866.03 3500.00 0.00
242 242 866.03 3500.00 0.00
243 243 2598.08 3500.00 0.00
244 244 4330.13 3500.00 0.00
245 245 6062.18 3500.00 0.00
246 246 -5196.15 4000.00 0.00
247 247 -3464.10 4000.00 0.00
248 248 -1732.05 4000.00 0.00
249 249 0.00 4000.00 0.00
250 250 1732.05 4000.00 0.00
251 251 3464.10 4000.00 0.00
252 252 5196.15 4000.00 0.00
253 253 -5196.15 5000.00 0.00
254 254 -3464.10 5000.00 0.00
255 255 -1732.05 5000.00 0.00
256 256 0.00 5000.00 0.00
257 257 1732.05 5000.00 0.00
258 258 3464.10 5000.00 0.00
259 259 5196.15 5000.00 0.00
260 260 -4330.13 5500.00 0.00
261 261 -2598.08 5500.00 0.00
262 262 -866.03 5500.00 0.00
263 263 866.03 5500.00 0.00
264 264 2598.08 5500.00 0.00
265 265 4330.13 5500.00 0.00
266 266 -4330.13 6500.00 0.00
267 267 -2598.08 6500.00 0.00
268 268 -866.03 6500.00 0.00
269 269 866.03 6500.00 0.00
270 270 2598.08 6500.00 0.00
271 271 4330.13 6500.00 0.00
272 272 -3464.10 7000.00 0.00
273 273 -1732.05 7000.00 0.00
274 274 0.00 7000.00 0.00
275 275 1732.05 7000.00 0.00
276 276 3464.10 7000.00 0.00
277 277 675.40 430.96 0.00
278 278 402.22 -24.06 0.00
279 279 589.15 -525.58 0.00
280 280 404.31 -869.09 0.00
281 281 -85.43 871.60 0.00
282 282 -155.66 -839.99 0.00
283 283 -340.86 413.27 0.00
284 284 -357.81 -410.06 0.00
285 285 -861.96 446.02 0.00
286 286 -1052.98 -4.47 0.00
287 287 -849.52 -479.07 0.00
288 288 415.61 853.87 0.00